33,139
33,138
33,137
33,136
33,135
33,134
33,133
33,132
33,131
33,130
33,129
33,128
33,127
33,126
33,125
33,124
33,123
33,122
33,121
33,120
33,119
33,118
33,117
33,116
33,115
33,114
33,113
33,112
33,111
33,110
33,109
36,35
10,98
10,152
10,144
10,2
10,3
11,5
11,12
11,16
11,11
11,2
11,3
9,6
9,4
9,2
9,3
8,6
8,4
8,2
8,3
11,28
0,318
11,27
11,26
11,25
11,24
11,23
11,22
11,21
12,2
11,20
12,1
11,1
12,3
11,19
10,302
10,301
10,300
10,299
10,298
10,297
10,296
10,295
10,294
10,293
10,292
10,291
10,290
10,289
10,288
10,287
10,286
10,285
10,284
10,283
10,282
10,281
10,280
10,279
10,278
10,277
10,276
10,275
10,274
10,273
10,272
10,271
10,270
10,269
10,268
10,267
10,266
10,265
10,264
10,263
10,262
10,261
10,260
10,259
10,258
10,257
10,256
10,255
10,254
10,253
10,252
10,251
10,250
10,249
10,248
10,247
10,246
10,245
10,244
10,243
10,242
10,241
10,240
10,239
10,238
10,237
10,236
10,235
10,234
10,233
10,232
10,231
10,230
10,229
10,228
10,227
10,226
10,225
10,224
20,2
20,1
10,223
20,3
10,222
10,221
10,220
10,219
10,218
10,217
10,216
10,215
19,2
19,1
10,214
19,3
10,213
10,212
10,211
10,210
10,209
10,208
10,207
